95.7
94.8
93.9
93.5
93.3
92.4
92.4
92.6
92.4
93.7
94.8
96.4
98.2
99.8
100.7
101.6
100.2
98.7
97.5
96.4
95.7
95.7
95.3
94.8
94.1
93.9
93.7
93.2
92.4
92.1
91.7
91.5
91.4
92.1
92.8
94.4
97.1
97.1
97.7
98.9
98.7
97.5
96.8
96.2
95.5
94.6
93.7
93
92.6
92.1
91.7
91.5
91.2
90.8
90.6
90.6
91
91.5
92.1
91.7
91.4
91.2
92.1
91.7
91.7
92.4
91.2
89.9
89.2
89.6
89.6
89.6
89.6
89.2
88.7
88.1
86.9
85.6
85.1
84.9
84.9
85.2
85.2
85.6
86.3
87.6
87.9
87.8
88.1
88.3
88.1
87.4
86.5
85.1
84
83.4
82.7
82
81.3
80.9
80.7
80.4
79.8
79.3
79.3
79.5
80.2
80.9
82
83.1
84
84.7
85.4
85.8
86
85.1
83.8
83.1
82.4
81.8
81.3
81.1
80.9
80.4
80
79.5
79.3
78.9
79.1
79.8
80.9
82.2
84.2
85.2
86.9
87
86.7
86.5
85.6
84.5
84.3
84.3
84
83.6
83.1
82.9
82.9
82.5
82.4
82
81.8
81.6
81.8
82.4
83.8
85.8
87.9
90.3
91.5
91.7
91
90.6
89.9
88.8
88.1
87.6
87.4
87
86.9
86.5
86.3
86
85.8
85.2
84.7
84.5
84.7
85.1
86.3
88.1
89.6
91
91.4
92.4
93.2
92.8
91
88.8
87.2
85.2
84
83.1
82.9
82.2
81.6
81.6
81.3
80.2
80
79.7
79.5
79.5
80.2
80.4
80.4
80.4
80.7
80.7
80.9
80.9
80.6
80
79.8
79.1
78.8
78.6
78
77.9
77.5
77
76.8
76.6
76.6
76.6
76.6
76.6
77.3
77.7
78.4
78.8
78.9
79.5
79.5
79.1
78.8
78.6
78.4
78.4
78
78
77.7
76.6
76.2
75.9
75.7
75.2
74.8
74.8
75.2
75.5
76.4
77.5
78.9
79.7
80.6
81.6
82.9
84.2
83.4
82
80.6
79.7
78.9
78.4
77.7
77.3
77.1
77
76.8
76.6
76.2
76.2
75.7
75.2
75.2
75.3
75.5
75.3
75.5
75.9
75.9
75.9
75.9
75.7
75.5
75.3
75.5
75.5
75.3
75.3
75.5
75.5
75.2
75.2
74.8
74.8
74.6
75.2
76.2
75.9
76.4
77.3
79.1
80.7
81.8
81.3
80
79.1
78.8
77.9
77.3
77.1
76.8
76.6
76.2
75.9
75.7
75.5
75.3
75.3
75.2
75.5
76.6
77.3
78.4
78.9
79.5
79.7
80.2
80.7
79.8
78.8
78.2
77.7
77.1
76.8
76.4
76.2
75.9
75.5
75
74.4
74.3
73.7
73.4
73.4
73.7
74.4
75.2
75.7
76.6
77.3
78.4
79.1
79.1
78.6
77.7
76.6
75.7
75.2
74.8
74.4
74.4
74.3
74.1
73.7
73.7
73.5
73.4
73.7
74.4
75.2
75.5
75.9
76.2
76.6
77
77.5
77.7
77.7
77.3
77.1
77.1
77.1
77
77
77
77
76.8
76.8
76.6
76.6
76.6
76.8
76.8
76.8
76.8
77.9
78.6
78.6
79.5
80.4
79.3
78.6
77.9
77.1
76.6
76.6
76.6
76.4
76.2
76.1
75.9
75.7
75.3
75.2
75.2
75.9
77
78
79.1
80.4
80.9
80.6
79.8
79.3
78.6
77.7
76.8
76.2
76.4
77.1
77.9
78
77.7
77.7
76.8
76.2
75.9
75.5
75.5
76.6
78.4
79.7
81.8
84
86
87.6
88.1
85.6
84.2
83.4
83.1
82.2
81.6
81.6
81.1
80.6
79.7
78.9
78
77
75.5
74.8
74.4
74.8
75.2
75.9
77
78
78.9
79.8
81.3
81.8
81.5
78.9
77.9
77.1
75.3
75.7
75.3
75
74.8
74.1
73.9
73.5
73.4
73.4
73.4
74.6
76.1
77.7
79.5
79.5
80.2
79.8
79.1
78.6
78
77.9
77.9
77.7
77.3
76.6
76.4
76.4
76.2
75.9
75.9
75.7
75.5
75.5
75.9
77
78.8
81.6
84.3
87.2
89.6
91
91.4
90.6
90.1
89.2
86.1
85.6
85.2
84.2
83.3
82
81.6
81.6
81.5
81.5
81.3
80.9
80.9
80.7
80.9
82
83.4
85.2
85.8
85.2
85.2
84.9
83.8
82.7
82
81.5
81.3
81.3
81.3
81.3
81.3
81.3
81.1
80.7
80.9
80.6
80.6
80.7
81.1
81.6
83.6
84.7
87.2
89.6
89.7
87.2
85.6
85.2
84.9
85.2
85.2
85.6
85.8
85.2
85.1
84.9
84.7
84.5
84.2
83.8
84
84.7
85.1
86.3
87.6
89.6
91
92.4
93.2
93.3
92.4
91
89.2
87.9
87
85.6
84.3
83.4
81.5
80.6
80
79.3
78.9
78.8
78.8
78.8
79.3
79.5
80.4
80.9
81.3
81.5
81.6
81.3
80.9
80.7
79.5
79.1
78.6
77.7
77
77
76.6
76.6
76.2
76.2
76.1
75.9
75.9
76.1
76.6
76.4
77.1
78
78.4
78.2
78.8
79.5
79.5
79.5
79.5
79.5
79.5
79.5
79.7
79.7
79.7
79.7
79.7
80.2
79.8
79.5
79.5
79.5
79.5
79.7
79.8
79.7
80
80.4
80.2
80.2
80
80.7
80.7
81.3
81.3
81.3
81.3
81.3
80.9
80
79.1
78.8
78.4
78
77.5
77.7
78.2
79.5
82
83.1
83.8
84.7
85.1
85.2
83.4
81.3
81.6
82.4
81.8
81.3
80.6
80.2
80
79.8
79.5
79.5
80
80.6
80.9
81.3
81.3
81.3
81.3
81.5
81.3
82
81.8
81.5
81.1
81.6
81.6
81.1
81.3
81.3
